0,0
1,1
2,2
3,3
4,4
5,5
6,6
7,7
8,0,1
9,0,2
10,0,3
11,0,4
12,0,5
13,0,6
14,0,7
15,1,2
16,1,3
17,1,4
18,1,5
19,1,6
20,1,7
21,2,3
22,2,4
23,2,5
24,2,6
25,2,7
26,3,4
27,3,5
28,3,6
29,3,7
30,4,5
31,4,6
32,4,7
33,5,6
34,5,7
35,6,7
36,0,1,2
37,0,1,3
38,0,1,4
39,0,1,5
40,0,1,6
41,0,1,7
42,0,2,3
43,0,2,4
44,0,2,5
45,0,2,6
46,0,2,7
47,0,3,4
48,0,3,5
49,0,3,6
50,0,3,7
51,0,4,5
52,0,4,6
53,0,4,7
54,0,5,6
55,0,5,7
56,0,6,7
57,1,2,3
58,1,2,4
59,1,2,5
60,1,2,6
61,1,2,7
62,1,3,4
63,1,3,5
64,1,3,6
65,1,3,7
66,1,4,5
67,1,4,6
68,1,4,7
69,1,5,6
70,1,5,7
71,1,6,7
72,2,3,4
73,2,3,5
74,2,3,6
75,2,3,7
76,2,4,5
77,2,4,6
78,2,4,7
79,2,5,6
80,2,5,7
81,2,6,7
82,3,4,5
83,3,4,6
84,3,4,7
85,3,5,6
86,3,5,7
87,3,6,7
88,4,5,6
89,4,5,7
90,4,6,7
91,5,6,7
92,0,1,2,3
93,0,1,2,4
94,0,1,2,5
95,0,1,2,6
96,0,1,2,7
97,0,1,3,4
98,0,1,3,5
99,0,1,3,6
100,0,1,3,7
101,0,1,4,5
102,0,1,4,6
103,0,1,4,7
104,0,1,5,6
105,0,1,5,7
106,0,1,6,7
107,0,2,3,4
108,0,2,3,5
109,0,2,3,6
110,0,2,3,7
111,0,2,4,5
112,0,2,4,6
113,0,2,4,7
114,0,2,5,6
115,0,2,5,7
116,0,2,6,7
117,0,3,4,5
118,0,3,4,6
119,0,3,4,7
120,0,3,5,6
121,0,3,5,7
122,0,3,6,7
123,0,4,5,6
124,0,4,5,7
125,0,4,6,7
126,0,5,6,7
127,1,2,3,4
128,1,2,3,5
129,1,2,3,6
130,1,2,3,7
131,1,2,4,5
132,1,2,4,6
133,1,2,4,7
134,1,2,5,6
135,1,2,5,7
136,1,2,6,7
137,1,3,4,5
138,1,3,4,6
139,1,3,4,7
140,1,3,5,6
141,1,3,5,7
142,1,3,6,7
143,1,4,5,6
144,1,4,5,7
145,1,4,6,7
146,1,5,6,7
147,2,3,4,5
148,2,3,4,6
149,2,3,4,7
150,2,3,5,6
151,2,3,5,7
152,2,3,6,7
153,2,4,5,6
154,2,4,5,7
155,2,4,6,7
156,2,5,6,7
157,3,4,5,6
158,3,4,5,7
159,3,4,6,7
160,3,5,6,7
161,4,5,6,7
162,0,1,2,3,4
163,0,1,2,3,5
164,0,1,2,3,6
165,0,1,2,3,7
166,0,1,2,4,5
167,0,1,2,4,6
168,0,1,2,4,7
169,0,1,2,5,6
170,0,1,2,5,7
171,0,1,2,6,7
172,0,1,3,4,5
173,0,1,3,4,6
174,0,1,3,4,7
175,0,1,3,5,6
176,0,1,3,5,7
177,0,1,3,6,7
178,0,1,4,5,6
179,0,1,4,5,7
180,0,1,4,6,7
181,0,1,5,6,7
182,0,2,3,4,5
183,0,2,3,4,6
184,0,2,3,4,7
185,0,2,3,5,6
186,0,2,3,5,7
187,0,2,3,6,7
188,0,2,4,5,6
189,0,2,4,5,7
190,0,2,4,6,7
191,0,2,5,6,7
192,0,3,4,5,6
193,0,3,4,5,7
194,0,3,4,6,7
195,0,3,5,6,7
196,0,4,5,6,7
197,1,2,3,4,5
198,1,2,3,4,6
199,1,2,3,4,7
200,1,2,3,5,6
201,1,2,3,5,7
202,1,2,3,6,7
203,1,2,4,5,6
204,1,2,4,5,7
205,1,2,4,6,7
206,1,2,5,6,7
207,1,3,4,5,6
208,1,3,4,5,7
209,1,3,4,6,7
210,1,3,5,6,7
211,1,4,5,6,7
212,2,3,4,5,6
213,2,3,4,5,7
214,2,3,4,6,7
215,2,3,5,6,7
216,2,4,5,6,7
217,3,4,5,6,7
218,0,1,2,3,4,5
219,0,1,2,3,4,6
220,0,1,2,3,4,7
221,0,1,2,3,5,6
222,0,1,2,3,5,7
223,0,1,2,3,6,7
224,0,1,2,4,5,6
225,0,1,2,4,5,7
226,0,1,2,4,6,7
227,0,1,2,5,6,7
228,0,1,3,4,5,6
229,0,1,3,4,5,7
230,0,1,3,4,6,7
231,0,1,3,5,6,7
232,0,1,4,5,6,7
233,0,2,3,4,5,6
234,0,2,3,4,5,7
235,0,2,3,4,6,7
236,0,2,3,5,6,7
237,0,2,4,5,6,7
238,0,3,4,5,6,7
239,1,2,3,4,5,6
240,1,2,3,4,5,7
241,1,2,3,4,6,7
242,1,2,3,5,6,7
243,1,2,4,5,6,7
244,1,3,4,5,6,7
245,2,3,4,5,6,7
246,0,1,2,3,4,5,6
247,0,1,2,3,4,5,7
248,0,1,2,3,4,6,7
249,0,1,2,3,5,6,7
250,0,1,2,4,5,6,7
251,0,1,3,4,5,6,7
252,0,2,3,4,5,6,7
253,1,2,3,4,5,6,7
254,0,1,2,3,4,5,6,7
