0,0
1,0,1
2,0,2
3,0,3
4,0,4
5,0,5
6,0,6
7,0,1
8,0,2
9,0,3
10,0,4
11,0,5
12,0,6
13,0,1,2
14,0,1,3
15,0,1,4
16,0,1,5
17,0,1,6
18,0,2,3
19,0,2,4
20,0,2,5
21,0,2,6
22,0,3,4
23,0,3,5
24,0,3,6
25,0,4,5
26,0,4,6
27,0,5,6
28,0,1,2
29,0,1,3
30,0,1,4
31,0,1,5
32,0,1,6
33,0,2,3
34,0,2,4
35,0,2,5
36,0,2,6
37,0,3,4
38,0,3,5
39,0,3,6
40,0,4,5
41,0,4,6
42,0,5,6
43,0,1,2,3
44,0,1,2,4
45,0,1,2,5
46,0,1,2,6
47,0,1,3,4
48,0,1,3,5
49,0,1,3,6
50,0,1,4,5
51,0,1,4,6
52,0,1,5,6
53,0,2,3,4
54,0,2,3,5
55,0,2,3,6
56,0,2,4,5
57,0,2,4,6
58,0,2,5,6
59,0,3,4,5
60,0,3,4,6
61,0,3,5,6
62,0,4,5,6
63,0,1,2,3
64,0,1,2,4
65,0,1,2,5
66,0,1,2,6
67,0,1,3,4
68,0,1,3,5
69,0,1,3,6
70,0,1,4,5
71,0,1,4,6
72,0,1,5,6
73,0,2,3,4
74,0,2,3,5
75,0,2,3,6
76,0,2,4,5
77,0,2,4,6
78,0,2,5,6
79,0,3,4,5
80,0,3,4,6
81,0,3,5,6
82,0,4,5,6
83,0,1,2,3,4
84,0,1,2,3,5
85,0,1,2,3,6
86,0,1,2,4,5
87,0,1,2,4,6
88,0,1,2,5,6
89,0,1,3,4,5
90,0,1,3,4,6
91,0,1,3,5,6
92,0,1,4,5,6
93,0,2,3,4,5
94,0,2,3,4,6
95,0,2,3,5,6
96,0,2,4,5,6
97,0,3,4,5,6
98,0,1,2,3,4
99,0,1,2,3,5
100,0,1,2,3,6
101,0,1,2,4,5
102,0,1,2,4,6
103,0,1,2,5,6
104,0,1,3,4,5
105,0,1,3,4,6
106,0,1,3,5,6
107,0,1,4,5,6
108,0,2,3,4,5
109,0,2,3,4,6
110,0,2,3,5,6
111,0,2,4,5,6
112,0,3,4,5,6
113,0,1,2,3,4,5
114,0,1,2,3,4,6
115,0,1,2,3,5,6
116,0,1,2,4,5,6
117,0,1,3,4,5,6
118,0,2,3,4,5,6
119,0,1,2,3,4,5
120,0,1,2,3,4,6
121,0,1,2,3,5,6
122,0,1,2,4,5,6
123,0,1,3,4,5,6
124,0,2,3,4,5,6
125,0,1,2,3,4,5,6
126,0,1,2,3,4,5,6
